22.860
22.847
22.963
22.963
22.963
23.061
23.061
23.079
23.079
23.061
23.183
23.183
23.177
23.287
23.287
23.287
23.281
23.281
23.287
23.391
23.391
23.391
23.397
23.397
23.384
23.384
23.391
23.391
23.494
23.494
23.488
23.488
23.488
23.500
23.500
23.488
25.233
25.490
25.718
25.918
26.004
26.147
26.232
26.489
26.603
26.803
27.174
27.403
27.517
27.888
28.202
28.344
28.573
28.773
28.544
28.944
29.258
29.515
32.369
32.683
33.397
34.196
34.424
34.767
34.938
34.539
35.081
31.570
31.342
31.028
30.942
30.856
30.799
30.856
30.856
30.828
30.657
30.771
30.856
30.771
30.771
30.714
30.029
29.886
29.715
29.629
29.458
29.286
29.172
28.744
28.516
27.888
27.231
26.832
26.204
26.004
25.776
25.176
25.176
25.462
25.090
24.577
24.148
23.920
